camera_matrix:
- [471.5519365034424, 0.0, 337.20573669382986]
- [0.0, 463.95768127063525, 224.51331202346088]
- [0.0, 0.0, 1.0]
dist_coeff:
- [0.038364104940179534, 0.15631723548991236, -0.02429336137431318, 0.015196974721711266,
  -0.4474534225754503]
new_camera_matrix:
- [424.0604248046875, 0.0, 363.7841090724687]
- [0.0, 386.41741943359375, 186.9908827438103]
- [0.0, 0.0, 1.0]
